# Questao 1
0.0000 0.00 0.00 0.00 0.00 0.00
0.0000 0.00 0.00 1238.62 0.00 -1856.05
0.2540 0.00 314.61 1238.62 -471.44 -1856.05
0.2540 0.00 314.61 1238.62 -471.44 -1856.05
0.2540 388.26 314.61 1238.62 -471.44 -1856.05
0.2540 388.26 314.61 543.18 -471.44 54.67
0.5080 388.26 452.58 543.18 -457.55 54.67
0.5080 388.26 452.58 543.18 -457.55 54.67
0.5080 0.00 452.58 543.18 -457.55 54.67
0.5080 0.00 452.58 -2969.68 -457.55 3002.30
0.6604 0.00 0.00 -2969.68 -0.00 3002.30
0.6604 0.00 0.00 -2969.68 -0.00 3002.30
0.6604 0.00 0.00 0.00 0.00 0.00
# Questao 2
0.0000 0.00 0.00 0.00 0.00 0.00
0.0000 0.00 0.00 641.22 0.00 -921.36
0.2540 0.00 162.87 641.22 -234.02 -921.36
0.2540 0.00 162.87 641.22 -234.02 -921.36
0.2540 189.81 162.87 641.22 -234.02 -921.36
0.2540 189.81 162.87 314.82 -234.02 -24.60
0.5080 189.81 242.83 314.82 -240.27 -24.60
0.5080 189.81 242.83 314.82 -240.27 -24.60
0.5080 0.00 242.83 314.82 -240.27 -24.60
0.5080 0.00 242.83 -1593.40 -240.27 1576.59
0.6604 0.00 0.00 -1593.40 -0.00 1576.59
0.6604 0.00 -0.00 -1593.40 0.00 1576.59
0.6604 0.00 0.00 0.00 0.00 0.00
# Questao 3
0.0000 0.00 0.00 0.00 0.00 0.00
0.0000 355.90 0.00 3269.44 0.00 0.00
0.1270 355.90 415.22 3269.44 0.00 0.00
0.1270 355.90 415.22 3269.44 0.00 0.00
0.1270 355.90 415.22 -1374.50 0.00 -378.85
0.3302 355.90 135.92 -1374.50 -76.98 -378.85
0.3302 355.90 135.92 -1374.50 -76.98 -378.85
0.3302 142.36 135.92 306.93 -76.98 233.14
0.5334 142.36 198.29 306.93 -29.61 233.14
0.5334 142.36 198.29 306.93 -29.61 233.14
0.5334 0.00 198.29 -1561.33 -29.61 233.14
0.6604 0.00 0.00 -1561.33 -0.00 233.14
0.6604 0.00 0.00 -1561.33 0.00 233.14
0.6604 0.00 0.00 0.00 0.00 0.00
# Questao 4
0.0000 0.00 0.00 0.00 0.00 0.00
0.0000 0.00 0.00 529.98 0.00 -1884.12
0.1270 0.00 67.31 529.98 -239.28 -1884.12
0.1270 0.00 67.31 529.98 -239.28 -1884.12
0.1270 74.15 67.31 1238.30 -239.28 61.98
0.3302 74.15 318.93 1238.30 -226.69 61.98
0.3302 74.15 318.93 1238.30 -226.69 61.98
0.3302 88.98 318.93 -2.36 -226.69 -270.46
0.5080 88.98 318.51 -2.36 -274.78 -270.46
0.5080 88.98 318.51 -2.36 -274.78 -270.46
0.5080 44.49 318.51 -1139.98 -274.78 386.35
0.6604 44.49 144.78 -1139.98 -215.90 386.35
0.6604 44.49 144.78 -1139.98 -215.90 386.35
0.6604 0.00 144.78 -1139.98 -215.90 1699.97
0.7874 0.00 0.00 -1139.98 -0.00 1699.97
0.7874 0.00 0.00 -0.00 0.00 0.00
