# Dados dos Diagramas de Esforços do Eixo (Comprimento: 1.000 m)
# Formato: Posicao(m) Torsor(N-m) Fletor(N-m) Cortante(N)
0.0000 0.00 0.00 1000.00
0.0050 0.00 0.00 1000.00
0.0100 0.00 0.00 1000.00
0.0150 0.00 0.00 1000.00
0.0200 0.00 0.00 1000.00
0.0250 0.00 0.00 1000.00
0.0300 0.00 0.00 1000.00
0.0350 0.00 0.00 1000.00
0.0400 0.00 0.00 1000.00
0.0450 0.00 0.00 1000.00
0.0500 0.00 0.00 1000.00
0.0550 0.00 0.00 1000.00
0.0600 0.00 0.00 1000.00
0.0650 0.00 0.00 1000.00
0.0700 0.00 0.00 1000.00
0.0750 0.00 0.00 1000.00
0.0800 0.00 0.00 1000.00
0.0850 0.00 0.00 1000.00
0.0900 0.00 0.00 1000.00
0.0950 0.00 0.00 1000.00
0.1000 0.00 0.00 1000.00
0.1050 0.00 0.00 1000.00
0.1100 0.00 0.00 1000.00
0.1150 0.00 0.00 1000.00
0.1200 0.00 0.00 1000.00
0.1250 0.00 0.00 1000.00
0.1300 0.00 0.00 1000.00
0.1350 0.00 0.00 1000.00
0.1400 0.00 0.00 1000.00
0.1450 0.00 0.00 1000.00
0.1500 0.00 0.00 1000.00
0.1550 0.00 0.00 1000.00
0.1600 0.00 0.00 1000.00
0.1650 0.00 0.00 1000.00
0.1700 0.00 0.00 1000.00
0.1750 0.00 0.00 1000.00
0.1800 0.00 0.00 1000.00
0.1850 0.00 0.00 1000.00
0.1900 0.00 0.00 1000.00
0.1950 0.00 0.00 1000.00
0.2000 150.00 0.00 1000.00
0.2050 150.00 0.00 1000.00
0.2100 150.00 0.00 1000.00
0.2150 150.00 0.00 1000.00
0.2200 150.00 0.00 1000.00
0.2250 150.00 0.00 1000.00
0.2300 150.00 0.00 1000.00
0.2350 150.00 0.00 1000.00
0.2400 150.00 0.00 1000.00
0.2450 150.00 0.00 1000.00
0.2500 150.00 0.00 1000.00
0.2550 150.00 0.00 1000.00
0.2600 150.00 0.00 1000.00
0.2650 150.00 0.00 1000.00
0.2700 150.00 0.00 1000.00
0.2750 150.00 0.00 1000.00
0.2800 150.00 0.00 1000.00
0.2850 150.00 0.00 1000.00
0.2900 150.00 0.00 1000.00
0.2950 150.00 0.00 1000.00
0.3000 150.00 0.00 1000.00
0.3050 150.00 0.00 1000.00
0.3100 150.00 0.00 1000.00
0.3150 150.00 0.00 1000.00
0.3200 150.00 0.00 1000.00
0.3250 150.00 0.00 1000.00
0.3300 150.00 0.00 1000.00
0.3350 150.00 0.00 1000.00
0.3400 150.00 0.00 1000.00
0.3450 150.00 0.00 1000.00
0.3500 150.00 0.00 1000.00
0.3550 150.00 0.00 1000.00
0.3600 150.00 0.00 1000.00
0.3650 150.00 0.00 1000.00
0.3700 150.00 0.00 1000.00
0.3750 150.00 0.00 1000.00
0.3800 150.00 0.00 1000.00
0.3850 150.00 0.00 1000.00
0.3900 150.00 0.00 1000.00
0.3950 150.00 0.00 1000.00
0.4000 150.00 0.00 1000.00
0.4050 150.00 0.00 1000.00
0.4100 150.00 0.00 1000.00
0.4150 150.00 0.00 1000.00
0.4200 150.00 0.00 1000.00
0.4250 150.00 0.00 1000.00
0.4300 150.00 0.00 1000.00
0.4350 150.00 0.00 1000.00
0.4400 150.00 0.00 1000.00
0.4450 150.00 0.00 1000.00
0.4500 150.00 0.00 1000.00
0.4550 150.00 0.00 1000.00
0.4600 150.00 0.00 1000.00
0.4650 150.00 0.00 1000.00
0.4700 150.00 0.00 1000.00
0.4750 150.00 0.00 1000.00
0.4800 150.00 0.00 1000.00
0.4850 150.00 0.00 1000.00
0.4900 150.00 0.00 1000.00
0.4950 150.00 0.00 1000.00
0.5000 150.00 0.00 1000.00
0.5050 150.00 0.00 1000.00
0.5100 150.00 0.00 1000.00
0.5150 150.00 0.00 1000.00
0.5200 150.00 0.00 1000.00
0.5250 150.00 0.00 1000.00
0.5300 150.00 0.00 1000.00
0.5350 150.00 0.00 1000.00
0.5400 150.00 0.00 1000.00
0.5450 150.00 0.00 1000.00
0.5500 150.00 0.00 1000.00
0.5550 150.00 0.00 1000.00
0.5600 150.00 0.00 1000.00
0.5650 150.00 0.00 1000.00
0.5700 150.00 0.00 1000.00
0.5750 150.00 0.00 1000.00
0.5800 150.00 0.00 1000.00
0.5850 150.00 0.00 1000.00
0.5900 150.00 0.00 1000.00
0.5950 150.00 0.00 1000.00
0.6000 150.00 0.00 1000.00
0.6050 150.00 0.00 1000.00
0.6100 150.00 0.00 1000.00
0.6150 150.00 0.00 1000.00
0.6200 150.00 0.00 1000.00
0.6250 150.00 0.00 1000.00
0.6300 150.00 0.00 1000.00
0.6350 150.00 0.00 1000.00
0.6400 150.00 0.00 1000.00
0.6450 150.00 0.00 1000.00
0.6500 150.00 0.00 1000.00
0.6550 150.00 0.00 1000.00
0.6600 150.00 0.00 1000.00
0.6650 150.00 0.00 1000.00
0.6700 150.00 0.00 1000.00
0.6750 150.00 0.00 1000.00
0.6800 150.00 0.00 1000.00
0.6850 150.00 0.00 1000.00
0.6900 150.00 0.00 1000.00
0.6950 150.00 0.00 1000.00
0.7000 150.00 0.00 1000.00
0.7050 150.00 0.00 1000.00
0.7100 150.00 0.00 1000.00
0.7150 150.00 0.00 1000.00
0.7200 150.00 0.00 1000.00
0.7250 150.00 0.00 1000.00
0.7300 150.00 0.00 1000.00
0.7350 150.00 0.00 1000.00
0.7400 150.00 0.00 1000.00
0.7450 150.00 0.00 1000.00
0.7500 150.00 0.00 1000.00
0.7550 150.00 0.00 1000.00
0.7600 150.00 0.00 1000.00
0.7650 150.00 0.00 1000.00
0.7700 150.00 0.00 1000.00
0.7750 150.00 0.00 1000.00
0.7800 150.00 0.00 1000.00
0.7850 150.00 0.00 1000.00
0.7900 150.00 0.00 1000.00
0.7950 150.00 0.00 1000.00
0.8000 0.00 0.00 1000.00
0.8050 0.00 0.00 1000.00
0.8100 0.00 0.00 1000.00
0.8150 0.00 0.00 1000.00
0.8200 0.00 0.00 1000.00
0.8250 0.00 0.00 1000.00
0.8300 0.00 0.00 1000.00
0.8350 0.00 0.00 1000.00
0.8400 0.00 0.00 1000.00
0.8450 0.00 0.00 1000.00
0.8500 0.00 0.00 1000.00
0.8550 0.00 0.00 1000.00
0.8600 0.00 0.00 1000.00
0.8650 0.00 0.00 1000.00
0.8700 0.00 0.00 1000.00
0.8750 0.00 0.00 1000.00
0.8800 0.00 0.00 1000.00
0.8850 0.00 0.00 1000.00
0.8900 0.00 0.00 1000.00
0.8950 0.00 0.00 1000.00
0.9000 0.00 0.00 1000.00
0.9050 0.00 0.00 1000.00
0.9100 0.00 0.00 1000.00
0.9150 0.00 0.00 1000.00
0.9200 0.00 0.00 1000.00
0.9250 0.00 0.00 1000.00
0.9300 0.00 0.00 1000.00
0.9350 0.00 0.00 1000.00
0.9400 0.00 0.00 1000.00
0.9450 0.00 0.00 1000.00
0.9500 0.00 0.00 1000.00
0.9550 0.00 0.00 1000.00
0.9600 0.00 0.00 1000.00
0.9650 0.00 0.00 1000.00
0.9700 0.00 0.00 1000.00
0.9750 0.00 0.00 1000.00
0.9800 0.00 0.00 1000.00
0.9850 0.00 0.00 1000.00
0.9900 0.00 0.00 1000.00
0.9950 0.00 0.00 1000.00
1.0000 0.00 1000.00 1000.00
